tensor_dense3bias0 1
3.93154001
tensor_dense3kernel0 12
-0.38091138 -0.204413071 -0.207481325 -0.436386108 -0.380211681 -0.217460141 0.807907701 -0.203930125 -0.411546141 -0.902438343 0.582244694 -0.85604924
tensor_dense2bias0 12
0.653247595 0.123075202 1.11319304 0.644391954 1.16603136 0.21637325 -0.79782486 -0.276146054 0.912079036 0.870446086 -1.47367501 1.8886981
tensor_dense2kernel0 144
-0.211670771 0.0618456639 0.920553684 -0.581567287 0.382595807 0.23087126 0.132711872 0.3393915 0.0410066471 -0.00514040841 0.606797934 0.198359981 -0.0476232693 -0.109867781 -0.507448256 0.518229902 -0.356376678 0.489983439 -0.51836133 -0.690672219 -0.622038245 -0.64221704 0.328869849 0.355860531 -0.0295385141 0.0896156132 -0.575643182 0.582057536 0.0458960757 -0.0694430694 0.0611512698 0.720872402 0.0619231872 0.242569372 0.250687391 -0.247733608 0.432032257 -0.1690979 -0.0936816782 -1.24147546 0.281009793 -1.32553029 0.454447657 -0.220493019 0.243317842 0.376808226 0.403870553 0.0934246331 -0.100183994 -3.06147099 -0.390066415 -1.70288491 -0.278688073 -3.00371051 -0.770094931 -1.15031481 -0.390892416 0.107392587 -0.020599803 -0.0453146063 -0.180471793 0.374407738 0.160666034 0.0419599786 -0.0412278958 -0.106137395 0.88822186 -0.0323889218 -0.29862386 0.916890204 0.37460503 0.0885007456 0.142887101 0.367560655 0.7794649 -0.881829083 0.0364817604 -0.090897955 0.558739305 -0.075619787 0.18335104 0.394281507 0.667765439 0.361320704 0.397687793 -0.950085342 -0.374925882 -0.72923851 -0.0684970245 -1.5514828 0.681716681 0.0832828879 0.446766049 0.496749729 -0.0186602082 -0.19150582 -0.258592546 0.489477932 0.207229823 -0.529759645 -0.0165107455 -0.0591688007 0.23109901 -0.812315822 -0.054309085 -0.0947948694 -0.044287663 0.192145526 0.797611892 0.106754616 -0.308267355 0.379585534 0.138162494 0.523668647 0.0369762853 0.100023307 0.0998718739 -0.0725074336 0.0269271228 0.0652601719 -0.347101837 0.369015515 0.341422379 -0.395674974 -0.606449664 0.414620489 -0.0506023578 0.587462962 0.0617787093 0.0979767144 -0.202947244 -0.567798793 0.969301403 0.0726918653 -0.154327199 -0.271691561 -0.115904421 1.12290323 0.653227448 0.372126698 -1.22777593 1.02364373 -1.52784514 0.101047598
tensor_dense1bias0 12
-1.04201484 1.06442118 -0.98197192 0.50900954 1.14350355 0.0348010287 1.22942674 -0.232083693 -1.07044172 0.217141911 -0.27200973 -0.656967342
tensor_dense1kernel0 144
-0.920141041 0.429003805 -0.0309708882 0.65107125 -0.460347474 0.684240103 0.458240718 -0.524843812 -1.2677381 0.291894823 -0.123237118 0.172036007 0.0625535026 -0.0405405983 -0.142736211 0.00959470216 0.120807648 -0.108840972 0.00473157363 0.0747183561 -0.366188169 -0.290683478 -0.0515904091 -0.195105508 -0.00812545698 0.32164824 0.0934525877 -0.506182194 0.848480046 -0.923312545 -0.0592248589 -0.860792756 0.226614639 0.143524706 0.487170696 -1.17997527 -0.234888941 -0.153507635 0.573331118 0.0823437124 0.388743043 0.0648072213 -0.0149887651 0.0285589676 -0.897729456 -0.223759115 0.136450931 0.0988839269 0.429233819 -0.140407026 -0.316583872 0.0751427189 -0.793698013 -0.285832196 0.259777009 -0.205241725 -0.176768094 -0.122159705 -0.0835407823 -0.0923210904 -0.251152456 -1.1049391 -0.0337696932 0.871870756 -0.158443704 -0.295955241 0.472123146 0.925458729 0.000374826341 -0.319738775 -0.808879197 0.152368248 -0.0972008184 -0.1211138 -0.857876122 -0.218708143 -0.665499032 0.0935462117 0.0809384137 -0.0996527374 -0.860284507 0.612402916 -0.9780913 0.6286304 0.033667516 0.626053393 -0.00756120309 -1.04729521 -0.88393575 0.956614435 -0.568308532 -0.648191512 0.11841999 0.219270557 0.651586294 -1.27603328 -0.413503796 0.627528369 0.0937035903 0.0891838148 0.47350809 -0.550762117 -0.569375575 0.174087167 0.199351609 -0.332432151 0.632672071 0.716614366 0.380335867 -0.521659672 0.427388906 -0.146457121 -0.0774210021 -1.12661207 -0.198771477 -0.258378834 -0.886470735 0.357482463 -0.222378552 -0.679357111 0.136929482 -0.21299915 0.0295110494 -0.251301706 -0.776282847 -1.46074438 -0.166673288 0.25747326 0.118362509 -0.244232506 0.0163931474 -0.87216109 -0.975670218 -0.335024863 -0.119527072 0.59573096 0.0824629366 -0.0454337075 -1.83403575 0.0678661987 -0.671127439 -0.112007178 0.301220506 -0.0324842446
tensor_densebias0 12
-0.482082695 -0.032581348 -1.31979096 -1.77655137 1.14423275 0.617699623 -0.120058373 -0.0819088146 0.558152258 0.792185724 -0.784113705 -0.737389863
tensor_densekernel0 72
0.346499115 -0.152106956 0.00387171097 -0.239823803 -0.326934457 0.138768137 -0.573963523 -0.00510526681 0.311348647 -0.0240570065 0.075963974 0.436032385 0.0664333031 0.186392292 -0.120823622 -0.0100648031 0.0973844603 1.72284818 -0.149859428 3.729635 0.500945151 -1.53078651 -2.11782408 0.178955942 -0.667131662 0.0551834404 -0.0382009968 0.408048987 0.0628670529 0.000835011946 0.0284814425 -0.00396989984 0.0145540973 -0.11123988 0.0489080958 -0.665753424 0.0666908175 -0.428706855 0.84744966 -0.621345162 0.31437546 -0.71153295 0.101224303 0.141799256 -0.261470377 -0.172078088 -0.0738928095 -0.224689975 1.11449337 -26.8431187 36.7009544 -26.9701004 -4.43857956 -41.0886688 -1.85021007 28.7446747 30.4492874 -13.2387285 23.8802128 -1.78937137 -0.84361887 1.64756095 3.50510383 -2.15069437 1.54740775 3.17871046 1.56619966 0.0109221162 -2.60126615 -1.65909946 3.61052537 0.472532481
